# Relative Spectral Response per photon; Wright et al. 2010
# W1     RSR     uncertainty (parts per thousand)
Angstrom Fraction
25200 0.0
25300 7.865423959990907e-06
25400 5.187542623323482e-07
25500 2.8358717890429644e-07
25600 3.0916117299386226e-07
25700 1.0275062514207773e-05
25800 7.215276199136167e-06
25900 4.701068424641964e-06
26000 3.1745851329847693e-06
26100 0.0004771538986133212
26200 0.0015674016822005
26300 0.0012298249602182316
26400 0.0009898840645601273
26500 0.0010760400090929756
26600 0.0011536712889293021
26700 0.0013707660832007274
26800 0.00043975903614457834
26900 0.000668902023187088
27000 0.0010548988406456012
27100 0.011209365764946577
27200 0.009889747669924983
27300 0.005869515799045238
27400 0.004363491702659695
27500 0.009363491702659696
27600 0.01733348488292794
27700 0.0295862696067288
27800 0.0565924073653103
27900 0.11085473971357127
28000 0.19333939531711752
28100 0.2849511252557399
28200 0.3500795635371675
28300 0.37735849056603776
28400 0.3728120027278927
28500 0.3591725392134576
28600 0.34325983177994995
28700 0.32507388042736984
28800 0.3081382132302796
28900 0.3058649693112071
29000 0.3195044328256422
29100 0.3456467378949761
29200 0.37542623323482605
29300 0.40122755171629915
29400 0.4225960445555808
29500 0.4406683337122073
29600 0.4569220277335758
29700 0.47510797908615593
29800 0.4921573084791998
29900 0.5035235280745624
30000 0.5069333939531712
30100 0.51034325983178
30200 0.5137531257103887
30300 0.5114798817913162
30400 0.5012502841554899
30500 0.488747442600591
30600 0.4716981132075471
30700 0.45351216185496707
30800 0.43191634462377815
30900 0.413730393271198
31000 0.40350079563537167
31100 0.41145714935212546
31200 0.4410093203000682
31300 0.4864741986815185
31400 0.5285292111843601
31500 0.5603546260513753
31600 0.5819504432825642
31700 0.5978631507160719
31800 0.611502614230507
31900 0.6240054557854058
32000 0.6342350534212321
32100 0.6399181632189133
32200 0.6456012730165946
32300 0.6490111388952033
32400 0.6512843828142759
32500 0.6456012730165946
32600 0.6387815412593771
32700 0.6342350534212321
32800 0.6365082973403047
32900 0.6535576267333484
33000 0.6887929074789725
33100 0.7353944078199591
33200 0.7842691520800181
33300 0.827460786542396
33400 0.8570129574903387
33500 0.8728120027278927
33600 0.8705387588088201
33700 0.8534894294157763
33800 0.8341668561036599
33900 0.8115480791088884
34000 0.7876790179586268
34100 0.7740395544441919
34200 0.7888156399181632
34300 0.8331438963400772
34400 0.8932711979995454
34500 0.9478290520572857
34600 0.9819277108433735
34700 0.9978404182768811
34800 1.0
34900 0.995453512161855
35000 0.9920436462832461
35100 0.988747442600591
35200 0.9853375767219822
35300 0.982041373039327
35400 0.9718117754035007
35500 0.9558990679699931
35600 0.9354398726983405
35700 0.9127074335076154
35800 0.8899749943168902
35900 0.8751989088429188
36000 0.8706524210047738
36100 0.8808820186406001
36200 0.9002045919527165
36300 0.9183905433052967
36400 0.9274835189815867
36500 0.9297567629006591
36600 0.9274835189815867
36700 0.9252102750625141
36800 0.9218004091839055
36900 0.9183905433052967
37000 0.9150943396226415
37100 0.9139577176631053
37200 0.9116844737440327
37300 0.9025914980677426
37400 0.8741759490793362
37500 0.8208683791770857
37600 0.7391452602864287
37700 0.6303705387588088
37800 0.504546487838145
37900 0.37394862468742895
38000 0.2581268470106842
38100 0.16924300977494885
38200 0.10538758808820185
38300 0.06433280290975221
38400 0.039554444191861785
38500 0.024948852011820868
38600 0.015867242555126164
38700 0.00990566037735849
38800 0.006063878154125938
38900 0.00428620140941123
39000 0.0035553534894294156
39100 0.0027938167765401228
39200 0.0021141168447374402
39300 0.001997044782905206
39400 0.0016003637190270515
39500 0.0013321209365764947
39600 0.0009967037963173448
39700 0.0005745624005455785
39800 0.0003099568083655376
39900 3.733803137076608e-05
40000 8.728120027278927e-05
40100 3.8156399181632185e-05
40200 2.5278472380086383e-05
40300 1.1673107524437372e-05
40400 6.462832461923164e-06
40500 4.370311434416912e-06
40600 1.0697885883155262e-05
40700 1.0022732439190724e-06
40800 7.118663332575585e-06
40900 6.529893157535804e-06
41000 1.25142077744942e-06
41100 2.8597408501932257e-06
41200 7.233462150488747e-07
41300 5.75017049329393e-07
41400 3.0563764491929982e-06
41500 2.509661286656058e-05
41600 4.42600591043419e-05
41700 5.30347806319618e-05
41800 4.169129347578995e-05
41900 3.0529665833143895e-05
42000 2.9211184360081836e-07
42100 2.667651739031598e-07
42200 2.3744032734712433e-07
42300 2.0413730393271196e-07
42400 1.694703341668561e-07
42500 1.2571038872471018e-06
42600 1.0384178222323256e-07
42700 8.264378267788134e-07
42800 5.526255967265288e-07
42900 4.298704250966128e-07
43000 2.654012275517163e-08
43100 1.7958626960672878e-08
43200 1.1979995453512162e-08
43300 1.7413048420095475e-07
43400 5.106842464196408e-09
43500 3.2336894748806544e-09
43600 2.076608320072744e-09
43700 3.2291429870425094e-08
43800 9.096385542168674e-10
43900 6.711752671061604e-10
44000 4.97272107297113e-10
44100 1.0509206637872244e-08
44200 2.8381450329620365e-10
44300 2.0754716981132075e-10
44400 1.5287565355762673e-10
44500 1.6003637190270516e-09
44600 1.5264832916571948e-09
44700 5.763809956808365e-11
44800 3.8440554671516254e-11
44900 3.024551034325983e-11
45000 2.008411002500568e-11
45100 1.1457149352125483e-11
45200 3.4178222323255286e-10
45300 6.415094339622641e-12
45400 5.429643100704706e-12
45500 3.424641964082746e-12
45600 1.4537394862468742e-07
45700 1.1240054557854057e-07
45800 3.246192316435554e-07
45900 1.5651284382814274e-07
46000 1.2673334848829278e-07
46100 1.1220731984541941e-07
46200 3.754262332348261e-07
46300 1.236644691975449e-07
46400 3.890656967492612e-07
46500 1.7890429643100704e-07
46600 2.2164128210957037e-07
46700 4.3691748124573764e-07
46800 1.1513980450102295e-07
46900 1.9890884291884518e-07
47000 4.5726301432143665e-07
47100 1.2798363264378267e-09
47200 1.7935894521482154e-09
47300 1.2468742896112753e-09
47400 4.2464196408274605e-10
47500 4.982950670606956e-09
47600 2.8540577403955444e-09
47700 8.482609684019095e-10
47800 1.550352352807456e-10
47900 4.3066606046828824e-10
48000 5.542168674698795e-09
48100 1.3673562173221186e-10
48200 1.6253694021368493e-10
48300 1.0476244601045692e-12
48400 5.1432143669015685e-11
48500 1.2525573994089564e-09
48600 3.869061150261422e-09
48700 1.002727892702887e-09
48800 1.0941122982496022e-11
48900 1.3753125710388724e-09
49000 3.239372584678336e-09
49100 3.5724028188224595e-13
49200 1.1832234598772447e-10
49300 2.8563309843146167e-09
49400 4.873834962491475e-09
49500 2.1095703568992954e-09
49600 1.0645601273016594e-08
49700 1.1358263241645828e-08
49800 1.0080700159127073e-08
49900 2.492611957263014e-08
50000 4.694248692884746e-08
50100 3.413275744487383e-08
50200 2.6790179586269604e-08
50300 2.1175267106160487e-08
50400 1.8299613548533756e-08
50500 1.902705160263696e-08
50600 1.924300977494885e-08
50700 1.990225051147988e-08
50800 2.0595589906796997e-08
50900 2.0709252102750623e-08
51000 1.9697658558763355e-08
51100 2.0243237099340756e-08
51200 1.9743123437144803e-08
51300 2.0459195271652645e-08
51400 2.05046601500341e-08
51500 1.9799954535121618e-08
51600 1.9049784041827687e-08
51700 1.867469879518072e-08
51800 1.8401909524892023e-08
51900 1.822005001136622e-08
52000 1.8117754035007956e-08
52100 1.7583541714025914e-08
52200 1.8413275744487382e-08
52300 1.8822459649920438e-08
52400 1.8720163673562175e-08
52500 2.0322800636508297e-08
52600 2.200500113662196e-08
52700 2.3039327119799953e-08
52800 2.3619004319163446e-08
52900 2.5062514207774493e-08
53000 2.5789952261877698e-08
53100 2.7051602636962948e-08
53200 2.9552170947942715e-08
53300 3.001818595135258e-08
53400 2.741532166401455e-08
53500 2.8597408501932258e-08
53600 3.000681973175722e-08
53700 2.9131620822914297e-08
53800 2.8154125937713114e-08
53900 2.9574903387133438e-08
54000 2.9631734485110253e-08
54100 2.9415776312798363e-08
54200 2.9336212775630826e-08
54300 2.9165719481700385e-08
54400 2.372130029552171e-08
54500 2.708570129574903e-08
54600 2.9427142532393723e-08
54700 2.9006592407365308e-08
54800 2.8097294839736302e-08
54900 2.9381677654012275e-08
55000 2.813139349852239e-08
55100 2.686974312343714e-08
55200 2.5778586042282335e-08
55300 2.4391907251648103e-08
55400 2.2857467606274153e-08
55500 2.191407137985906e-08
55600 2.0186406001363948e-08
55700 1.8072289156626504e-08
55800 1.7049329393043873e-08
55900 1.5480791088883837e-08
56000 1.3969083882700612e-08
56100 1.2752898385996817e-08
56200 1.2139122527847239e-08
56300 1.0596726528756535e-08
56400 1.000568310979768e-08
56500 8.498522391452603e-09
56600 8.032507388042737e-09
56700 7.1277563082518755e-09
56800 5.4910206865196635e-09
56900 4.829506706069561e-09
57000 3.846328711070697e-09
57100 2.957490338713344e-09
57200 3.1086610593316663e-09
57300 2.888156399181632e-09
57400 3.1984541941350305e-09
57500 3.5280745624005454e-09
57600 4.180495567174357e-09
57700 4.980677426687884e-09
57800 5.508070015912707e-09
57900 5.8842918845192085e-09
58000 6.5401227551716296e-09
58100 7.107297112980222e-09
58200 8.328029097522163e-09
58300 8.522391452602864e-09
58400 9.372584678335985e-09
58500 1.033416685610366e-08
58600 1.0825187542623323e-08
58700 1.1299158899749942e-08
58800 1.2605137531257104e-08
58900 1.3298476926574222e-08
59000 1.3366674244146398e-08
59100 1.3878154125937712e-08
59200 1.435553534894294e-08
59300 1.6003637190270515e-08
59400 1.5639918163218915e-08
59500 1.6412821095703568e-08
59600 1.6617413048420094e-08
59700 1.778813366674244e-08
59800 1.7606274153216637e-08
59900 1.7765401227551718e-08
60000 1.8776994771538983e-08
60100 1.806092293703114e-08
60200 1.814048647419868e-08
60300 1.8015458058649693e-08
60400 1.7685837690384177e-08
60500 1.8549670379631734e-08
60600 1.6799272561945898e-08
60700 1.6537849511252557e-08
60800 1.649238463287111e-08
60900 1.633325755853603e-08
61000 1.6719709024778357e-08
61100 1.651511707206183e-08
61200 1.668561036599227e-08
61300 1.73448511025233e-08
61400 1.8913389406683335e-08
61500 2.0390997954080474e-08
61600 2.3573539440781995e-08
61700 2.2948397363037053e-08
61800 2.3766765173903158e-08
61900 2.716526483291657e-08
62000 2.6574221413957718e-08
62100 3.700841100250057e-08
62200 4.066833371220732e-08
62300 4.673789497613094e-08
62400 6.586724255512616e-08
62500 8.973630370538759e-08
62600 1.2264150943396226e-07
62700 1.5742214139577178e-07
62800 1.973175721754944e-07
62900 2.3062059558990678e-07
63000 2.503978176858377e-07
63100 1.232098204137304e-07
63200 3.565583087065242e-07
63300 3.3530347806319613e-07
63400 2.9438508751989087e-07
63500 2.742668788360991e-07
63600 2.8586042282336895e-08
63700 2.3164355535348942e-08
63800 3.806546942486928e-08
63900 2.126619686292339e-07
64000 1.9106615139804502e-07
64100 3.795180722891566e-07
64200 3.6485564901113885e-07
64300 2.5994544214594227e-07
64400 3.3507615367128894e-07
64500 3.275744487383496e-07
64600 2.5471698113207547e-07
64700 3.130256876562855e-07
64800 1.1279836326437826e-07
64900 3.1086610593316665e-07
65000 2.7006137758581496e-07
65100 0.0
